,bins1,n1
0,0.28603084262585593,4334.0
1,0.5571755223629797,613.0
2,0.8283202021001035,497.0
3,1.0994648818372275,417.0
4,1.3706095615743512,360.0
5,1.641754241311475,308.0
6,1.912898921048599,272.0
7,2.1840436007857225,239.0
8,2.4551882805228464,212.0
9,2.7263329602599704,184.0
10,2.997477639997094,161.0
11,3.268622319734218,137.0
12,3.539766999471342,114.0
13,3.8109116792084654,87.0
14,4.082056358945589,57.0
15,4.3532010386827125,7.0
16,4.624345718419836,0.0
17,4.89549039815696,0.0
18,5.166635077894084,0.0
19,5.4377797576312075,0.0
20,5.708924437368331,0.0
21,5.980069117105455,0.0
22,6.251213796842579,0.0
23,6.522358476579703,0.0
24,6.793503156316827,0.0
25,7.06464783605395,0.0
26,7.335792515791074,0.0
27,7.606937195528198,0.0
28,7.878081875265322,0.0
29,8.149226555002446,0.0
30,8.42037123473957,0.0
31,8.691515914476694,0.0
32,8.962660594213817,0.0
33,9.23380527395094,0.0
34,9.504949953688065,0.0
35,9.776094633425188,0.0
36,10.047239313162313,0.0
37,10.318383992899436,0.0
38,10.58952867263656,0.0
39,10.860673352373684,0.0
40,11.131818032110807,0.0
41,11.402962711847932,0.0
42,11.674107391585055,0.0
43,11.945252071322178,0.0
44,12.216396751059303,0.0
45,12.487541430796426,0.0
46,12.758686110533551,0.0
47,13.029830790270674,0.0
48,13.3009754700078,0.0
49,13.572120149744922,1.0
50,13.843264829482045,0.0
