,bins1,n1
0,0.28546694597978084,3148.0
1,6.862161172512075,19.0
2,13.43885539904437,10.0
3,20.015549625576664,5.0
4,26.592243852108957,4.0
5,33.16893807864125,2.0
6,39.745632305173544,2.0
7,46.32232653170583,2.0
8,52.89902075823813,1.0
9,59.47571498477043,1.0
10,66.05240921130272,0.0
11,72.62910343783501,0.0
12,79.20579766436731,1.0
13,85.7824918908996,0.0
14,92.35918611743189,1.0
15,98.93588034396419,0.0
16,105.51257457049648,0.0
17,112.08926879702878,0.0
18,118.66596302356108,1.0
19,125.24265725009336,0.0
20,131.81935147662566,0.0
21,138.39604570315797,0.0
22,144.97273992969025,0.0
23,151.54943415622253,0.0
24,158.12612838275484,1.0
25,164.70282260928713,0.0
26,171.27951683581944,0.0
27,177.85621106235172,0.0
28,184.432905288884,0.0
29,191.0095995154163,0.0
30,197.5862937419486,0.0
31,204.1629879684809,1.0
32,210.7396821950132,0.0
33,217.31637642154547,0.0
34,223.89307064807778,0.0
35,230.46976487461006,0.0
36,237.04645910114237,0.0
37,243.62315332767466,0.0
38,250.19984755420694,0.0
39,256.77654178073925,0.0
40,263.35323600727156,0.0
41,269.9299302338039,0.0
42,276.5066244603362,0.0
43,283.08331868686844,0.0
44,289.66001291340075,0.0
45,296.23670713993306,0.0
46,302.8134013664653,0.0
47,309.3900955929976,0.0
48,315.96678981952994,0.0
49,322.5434840460622,1.0
50,329.1201782725945,0.0
